function [self] = RSXLHotellings2()
self.www  = 'http://www.real-statistics.com/multivariate-statistics/hotellings-t-square-statistic/hotellings-t-square-independent-samples/';
self.YA   = [
[38.4,36.8,40.0,39.8,38.6,39.1,38.9,36.8,40.4,39.4,38.0,38.6,40.1,38.1,37.2,39.5,37.3,39.1,39.9,37.8]
[73,85,58,80,68,52,79,100,64,53,70,75,48,57,78,65,77,67,52,68]
[18,14,20,20,25,27,26,8,21,22,15,14,28,22,16,18,13,16,10,13]
]';
self.YB = [
[40.9,39.5,39.4,38.2,39.7,38.9,38.6,39.9,41.3,38.1,39.6,37.1,39.5,40.3,41.5,39.3,37.6,40.6]
[54,75,57,71,65,49,58,52,62,57,78,92,63,52,46,56,86,48]
[14,18,24,24,22,30,25,17,18,20,19,15,13,25,27,14,16,21]
]';
self.z    = 4.116057;
self.df   = [3, 36];
self.p    = 0.291687;
end
   
