function [self] = ZarBiostatisticalAnalysis68()
self.www  = 'https://mathworks.com/matlabcentral/fileexchange/3954-dagosptest';
self.Y    = [63, 63, 64, 64, 65, 65, 65, 66, 66, 66, 66, 66, 67, 67, 67, 67, 68, 68, 68, 68, 68, 68, 69, 69, 69, 69, 69, 70, 70, 70, 70, 70, 70, 70, 70, 71, 71, 71, 71, 71, 71, 71, 72, 72, 72, 72, 72, 72, 72, 73, 73, 73, 73, 73, 73, 73, 73, 73, 73, 74, 74, 74, 74, 74, 74, 75, 75, 75, 76, 76]';
self.z    = 4.3931;
self.df   = [1 2];
self.p    = 0.1112;
self.note = 'Data available in "DagosPtest.m" at Matlab Central.  Data are from Example 6.8 (p.89) in:  Zar JH (1999), Biostatistical Analysis (2nd ed.). NJ: Prentice-Hall, Englewood Cliffs.';
end

