function [self] = Southampton1()
self.www     = 'http://www.southampton.ac.uk/~cpd/anovas/datasets/Doncaster&Davey%20-%20Model%201_1%20One%20factor.txt';
self.Y       = [4.5924, -0.5488, 6.1605, 2.3374, 5.1873, 3.3579, 6.3092, 3.2831, 7.3809, 9.2085, 13.1147, 15.2654, 12.4188, 14.3951, 8.5986, 3.4945, 21.3220, 25.0426, 22.6600, 24.1283, 16.5927, 10.2129, 9.8934, 10.0203]';
self.A       = [1, 1, 1, 1, 1, 1, 1, 1, 2, 2, 2, 2, 2, 2, 2, 2, 3, 3, 3, 3, 3, 3, 3, 3]';
self.z       = 17.08;
self.df      = [2, 23];
self.p       = '<0.001';
end