function [self] = SPM1D2x2x2()
self.Y     = [99, 13, 51, 98,  0, 59, 39, 33, 22, 61, 55, 30, 11, 34, 28, 31, 70, 57, 33, 42, 94, 34, 61, 57, 29, 19, 91, 62, 39, 50, 48, 60, 38,  5, 15, 10,  7, 97, 74, 69]';
self.A     = [0, 0, 0, 0, 0, 0, 0, 0, 0, 0, 0, 0, 0, 0, 0, 0, 0, 0, 0, 0, 1, 1, 1, 1, 1, 1, 1, 1, 1, 1, 1, 1, 1, 1, 1, 1, 1, 1, 1, 1]';
self.B     = [0, 0, 0, 0, 0, 0, 0, 0, 0, 0, 1, 1, 1, 1, 1, 1, 1, 1, 1, 1, 0, 0, 0, 0, 0, 0, 0, 0, 0, 0, 1, 1, 1, 1, 1, 1, 1, 1, 1, 1]';
self.C     = [0, 0, 0, 0, 0, 1, 1, 1, 1, 1, 0, 0, 0, 0, 0, 1, 1, 1, 1, 1, 0, 0, 0, 0, 0, 1, 1, 1, 1, 1, 0, 0, 0, 0, 0, 1, 1, 1, 1, 1]';
self.SUBJ  = [0, 1, 2, 3, 4, 0, 1, 2, 3, 4, 0, 1, 2, 3, 4, 0, 1, 2, 3, 4, 0, 1, 2, 3, 4, 0, 1, 2, 3, 4, 0, 1, 2, 3, 4, 0, 1, 2, 3, 4]';

self.z       = [0.393,2.286,0.136,  0.050,0.083,0.958,  0.010];
self.df      = {[1,4], [1,4],[1,4], [1,4],[1,4],[1,4], [1,4]};
self.p       = [0.565,0.205,0.731,  0.834,0.788,0.383,  0.924];

end