function [self] = RSItalian()
self.www   = 'http://www.real-statistics.com/two-way-anova/anova-more-than-two-factors/';
self.Y     = [23,18,26,32,13,31,26,34,17,23,28,26,...
               24,25,14,17,30,18,11,16,25,18,14,25,...
			   16,31,17,11,34,24,24,19,31,16,11,19,...
			   31,29,40,31,35,25,18,29,36,42,40,36,...
		       19,28,31,23,19,14, 4,29,18,22,18,24,...
		       29,25,17,12,26,35,10,23,26,18,24,16,...
		       28,37,22,44,37,42,30,37,25,38,41,28,...
		       35,23,24,11,23,30,26,16,23,14,19,25]'; %#ok<*COMNL>
self.A     =  [0*ones(1, 12*4) 1*ones(1, 12*4)]';       %gender;
self.B     =  repmat([0*ones(1, 12*2) 1*ones(1, 12*2)], [1 2])';  %country;
self.C     =  repmat([0*ones(1, 12) 1*ones(1, 12)], [1 4])';  %position;
self.z     = [0.01749,16.8113,0.51854, 0.70169,9.2541,0.47708, 26.6077];
self.df    = repmat(  {[1,88]},  [1 7]  );
self.p     = [0.89508, 9.2e-5, 0.47337, 0.40449, 0.0031, 0.49157, 1.5e-6];
end