function [self] = SouthamptonFullyCrossedMixed()
self.www     = 'http://www.southampton.ac.uk/~cpd/anovas/datasets/Doncaster&Davey%20-%20Model%203_2%20Three%20factor%20fully%20cross%20factored.txt';
self.Y       = [-3.8558, 4.4076, -4.1752, 1.4913, 5.9699, 5.2141, 9.1467, 5.8209, 9.4082, 6.0296, 15.3014, 12.1900, 6.9754, 14.3012, 10.4266, 2.3707, 19.1834, 18.3855, 23.3385, 21.9134, 16.4482, 11.6765, 17.9727, 15.1760]';
self.A       = [1, 1, 1, 1, 1, 1, 1, 1, 2, 2, 2, 2, 2, 2, 2, 2, 3, 3, 3, 3, 3, 3, 3, 3]';
self.B       = [1, 1, 1, 1, 2, 2, 2, 2, 1, 1, 1, 1, 2, 2, 2, 2, 1, 1, 1, 1, 2, 2, 2, 2]';
self.C       = [1, 1, 2, 2, 1, 1, 2, 2, 1, 1, 2, 2, 1, 1, 2, 2, 1, 1, 2, 2, 1, 1, 2, 2]';
self.z       = [38.12,0.02,0.99,  7.06,0.42,0.92,  2.06];
self.df      = {[2,12], [1,12], [1,12], [2,12], [2,12], [1,12], [2,12]};
self.p       = {'<0.001', 0.902, 0.338,    0.009, 0.665, 0.357,    0.171};
end