function [self] = NCSSBeforeAfter()
self.www  = 'http://ncss.wpengine.netdna-cdn.com/wp-content/themes/ncss/pdf/Procedures/NCSS/Hotellings_One-Sample_T2.pdf';
self.YA   = [[36,34,30]; [36,36,28]; [41,32,29]; [11,10,8]; [17,15,13]; [21,20,18]; [36,33,30]; [36,35,34]; [37,33,28]; [31,28,25]];
self.YB   = [[38,35,29]; [38,37,27]; [43,31,25]; [14,11,10]; [19,14,12]; [24,25,17]; [40,34,28]; [41,36,30]; [36,37,29]; [31,25,26]];
self.z    = 17.034;
self.df   = [3, 9];
self.p    = 0.0483;
end


