function [self] = NYUCaffeine()
self.www   = 'http://www.psych.nyu.edu/cohen/three_way_ANOVA.pdf';
% data: Table 22.2  (page 705);
% results:  Table 22.3  (page 709);
% repeated-measures factor:  C;
Y          = [26,30,29,23,21,...
               24,29,28,20,20,...
			   24,25,27,20,20,...

			   29,26,23,29,35,...
			   28,23,24,30,33,...
			   26,23,25,27,22,...

			   29,24,23,31,29,...
			   26,22,20,30,27,...
			   26,23,17,30,25,...

               
               24,20,15,27,28,...
			   22,18,16,25,27,...
			   17,15,13,19,22,...

			   27,29,34,23,25,...
			   26,30,32,20,23,...
			   33,17,25,18,20,...

			   24,30,30,25,23,...
			   25,27,31,24,21,...
			   20,24,25,17,22,...


			   17,19,22,11,15,...
			   16,19,20,11,14,...
			    9, 6,11, 7,10,...

			   25,21,19,25,24,...
			   16,13,12,18,19,...
			   10, 9, 8,12,14,...

			   23,29,28,20,21,...
			   23,28,26,17,19,...
			   20,23,23,12,17,...


			   16,18,20,14,11,...
			   14,17,18,12,10,...
			    5, 6,10, 7, 7,...

			   24,19,20,27,26,...
			   15,11,11,19,17,...
			   14, 8,15,17,10,...

			   25,16,19,27,26,...
			   23,16,18,26,24,...
			   18,14,12,21,21]'; %#ok<*COMNL>
self.Y     = Y(:);
self.A     =  [0*ones(1, 5*9)  1*ones(1, 5*9)   2*ones(1, 5*9)   3*ones(1, 5*9)]';     %Sleep deprivation (None, JetLag, Interrupt, Total)
self.B     =  repmat([0*ones(1, 5*3)  1*ones(1, 5*3)   2*ones(1, 5*3)],   [1 4])';     %Stimulation (Placebo, Motivation, Caffeine)
self.C     =  repmat([0*ones(1, 5)  1*ones(1, 5)   2*ones(1, 5)],   [1 12])';          %Time  (Day2, Day4, Day6)
subj       = [repmat(1:5, [1 3])   repmat(6:10, [1 3])   repmat(11:15, [1 3])];
self.SUBJ  = [subj subj+15 subj+30 subj+45]';
self.z     = [23.8,11.6,140.2,  1.65,6.28,5.58, 2.25];
self.df    = {[3,48],[2,48],[2,96],   [6,48],[6,96],[4,96],   [12,96]};
self.p     = {'<0.001', '<0.001', '<0.001',     '>0.05','<0.001','<0.001',  '<0.05'};
end