function [self] = Mouse()
self.www   = 'http://www4.uwsp.edu/psych/stat/13/anova-2w.htm';
self.Y     = [5,4,3,4,2,   6,7,5,8,4,    18,19,14,12,15,   6,9,5,9,3]';
self.A     = [0,0,0,0,0,   0,0,0,0,0,    1,1,1,1,1,        1,1,1,1,1]';
self.B     = [0,0,0,0,0,   1,1,1,1,1,    0,0,0,0,0,        1,1,1,1,1]';
self.z     = [40.68, 12.23, 35.60];
self.df    = {[1, 16], [1, 16], [1, 16]};
self.p     = {'<0.05', '<0.05', '<0.05'};
end