function [self] = Satisfaction()
self.www   = 'http://www2.webster.edu/~woolflm/8canswer.html';
self.Y     = [4,2,3,4,2,   7,5,7,5,6,    10,7,9,8,11,   7,4,3,6,5,  8,10,7,7,8,  10,9,12,11,13]';
self.A     = [0,0,0,0,0,   0,0,0,0,0,    0,0,0,0,0,     1,1,1,1,1,  1,1,1,1,1,    1,1,1,1,1]';
self.B     = [0,0,0,0,0,   1,1,1,1,1,    2,2,2,2,2,     0,0,0,0,0,  1,1,1,1,1,    2,2,2,2,2]';
self.z     = [16.36, 49.09, 0.00];
self.df    = {[1, 24], [2, 24], [2, 24]};
self.p     = {'<0.01', '<0.01', '>0.05'};
end